{
 "cells": [
  {
   "cell_type": "markdown",
   "metadata": {},
   "source": [
    "# Exploring `mujoco/invertedpendulum/expert-v0` with Minari\n",
    "\n",
    "This notebook loads the Minari expert dataset for the MuJoCo InvertedPendulum environment,\n",
    "assembles a **100 000 × 5** observation-action matrix, and lays the groundwork for training\n",
    "a Self-Organizing Map (SOM) on the resulting data.\n",
    "\n",
    "| Column index | Description |\n",
    "|---|---|\n",
    "| 0 | Cart position |\n",
    "| 1 | Cart velocity |\n",
    "| 2 | Pole angle |\n",
    "| 3 | Pole angular velocity |\n",
    "| 4 | Action (force applied to cart) |"
   ]
  },
  {
   "cell_type": "markdown",
   "metadata": {},
   "source": [
    "## 1  Imports"
   ]
  },
  {
   "cell_type": "code",
   "execution_count": 1,
   "metadata": {},
   "outputs": [],
   "source": [
    "import numpy as np\n",
    "import minari\n",
    "from minisom import MiniSom\n",
    "from sklearn.preprocessing import StandardScaler\n",
    "from sklearn.decomposition import PCA"
   ]
  },
  {
   "cell_type": "markdown",
   "metadata": {},
   "source": [
    "## 2  Load dataset\n",
    "\n",
    "If the dataset has not been downloaded yet, Minari will fetch it automatically from the remote\n",
    "registry the first time `load_dataset` is called."
   ]
  },
  {
   "cell_type": "code",
   "execution_count": 2,
   "metadata": {},
   "outputs": [
    {
     "name": "stdout",
     "output_type": "stream",
     "text": [
      "Dataset loaded: mujoco/invertedpendulum/expert-v0\n",
      "Total episodes : 100\n",
      "Total steps    : 100000\n"
     ]
    }
   ],
   "source": [
    "DATASET_ID = \"mujoco/invertedpendulum/expert-v0\"\n",
    "\n",
    "# Download if not already cached locally\n",
    "if DATASET_ID not in minari.list_local_datasets():\n",
    "    minari.download_dataset(DATASET_ID)\n",
    "\n",
    "dataset = minari.load_dataset(DATASET_ID)\n",
    "print(f\"Dataset loaded: {DATASET_ID}\")\n",
    "print(f\"Total episodes : {dataset.total_episodes}\")\n",
    "print(f\"Total steps    : {dataset.total_steps}\")"
   ]
  },
  {
   "cell_type": "markdown",
   "metadata": {},
   "source": [
    "## 3  Inspect one episode\n",
    "\n",
    "Each episode is an `EpisodeData` object with numpy arrays for `observations`, `actions`,\n",
    "`rewards`, `terminations`, and `truncations`.\n",
    "\n",
    "> **Note**: Minari stores one *extra* observation per episode (the terminal observation is\n",
    "> appended), so `observations` has shape `(T+1, obs_dim)` while `actions` has shape\n",
    "> `(T, act_dim)`.  We use only the first `T` observations to form aligned pairs."
   ]
  },
  {
   "cell_type": "code",
   "execution_count": 3,
   "metadata": {},
   "outputs": [
    {
     "name": "stdout",
     "output_type": "stream",
     "text": [
      "observations shape : (1001, 4)\n",
      "actions shape      : (1000, 1)\n",
      "rewards shape      : (1000,)\n"
     ]
    }
   ],
   "source": [
    "sample_episode = next(iter(dataset.iterate_episodes()))\n",
    "\n",
    "print(\"observations shape :\", sample_episode.observations.shape)\n",
    "print(\"actions shape      :\", sample_episode.actions.shape)\n",
    "print(\"rewards shape      :\", sample_episode.rewards.shape)"
   ]
  },
  {
   "cell_type": "markdown",
   "metadata": {},
   "source": [
    "## 4  Build the 100 000 × 5 observation-action matrix"
   ]
  },
  {
   "cell_type": "code",
   "execution_count": 4,
   "metadata": {},
   "outputs": [
    {
     "name": "stdout",
     "output_type": "stream",
     "text": [
      "hidden_state shape: (100000, 5)\n"
     ]
    }
   ],
   "source": [
    "TARGET_ROWS = 100_000\n",
    "\n",
    "obs_list = []\n",
    "act_list = []\n",
    "\n",
    "for episode in dataset.iterate_episodes():\n",
    "    obs = episode.observations  # shape (T+1, 4)\n",
    "    act = episode.actions       # shape (T, 1)\n",
    "    T = act.shape[0]\n",
    "    obs_list.append(obs[:T])    # align: drop terminal observation\n",
    "    act_list.append(act)\n",
    "\n",
    "    collected = sum(a.shape[0] for a in act_list)\n",
    "    if collected >= TARGET_ROWS:\n",
    "        break\n",
    "\n",
    "all_obs = np.concatenate(obs_list, axis=0)   # (N, 4)\n",
    "all_act = np.concatenate(act_list, axis=0)   # (N, 1)\n",
    "\n",
    "# Trim or pad to exactly TARGET_ROWS\n",
    "all_obs = all_obs[:TARGET_ROWS]\n",
    "all_act = all_act[:TARGET_ROWS]\n",
    "\n",
    "# Combine into a single (100_000, 5) matrix\n",
    "hidden_state = np.hstack([all_obs, all_act])  # (100_000, 5)\n",
    "\n",
    "print(\"hidden_state shape:\", hidden_state.shape)\n",
    "assert hidden_state.shape == (TARGET_ROWS, 5), (\n",
    "    f\"Expected ({TARGET_ROWS}, 5) but got {hidden_state.shape}\"\n",
    ")"
   ]
  },
  {
   "cell_type": "code",
   "execution_count": 18,
   "id": "73b5de60",
   "metadata": {},
   "outputs": [
    {
     "name": "stdout",
     "output_type": "stream",
     "text": [
      "observations shape : (100000, 4)\n",
      "goal_state shape   : (100000,)\n",
      "goal_state=1.0 count: 936 (0.94%)\n",
      "lowest index with goal_state=1.0: 126\n"
     ]
    }
   ],
   "source": [
    "# First 4 columns of hidden_state (observations only, no action)\n",
    "observations = hidden_state[:, :4]  # (100_000, 4)\n",
    "\n",
    "# 1.0 where pole angle (column 2) is within [-0.0025, 0.0025], else 0.0\n",
    "pole_angle = observations[:, 2]\n",
    "goal_state = np.where((pole_angle >= -0.0025) & (pole_angle <= 0.0025), 1.0, 0.0)\n",
    "\n",
    "print(\"observations shape :\", observations.shape)\n",
    "print(\"goal_state shape   :\", goal_state.shape)\n",
    "print(\"goal_state=1.0 count:\", int(goal_state.sum()), f\"({100*goal_state.mean():.2f}%)\")\n",
    "idx_goal = np.where(goal_state == 1.0)[0]\n",
    "print(\"lowest index with goal_state=1.0:\", int(idx_goal[0]) if idx_goal.size > 0 else None)"
   ]
  },
  {
   "cell_type": "markdown",
   "metadata": {},
   "source": [
    "## 5  Summary statistics"
   ]
  },
  {
   "cell_type": "code",
   "execution_count": 6,
   "metadata": {},
   "outputs": [
    {
     "name": "stdout",
     "output_type": "stream",
     "text": [
      "Column                    Min        Max       Mean        Std\n",
      "--------------------------------------------------------------\n",
      "cart_pos              -0.1436     0.0615    -0.0858     0.0188\n",
      "cart_vel              -0.1133     0.0909    -0.0017     0.0175\n",
      "pole_angle            -1.2344     0.8540    -0.0022     0.2325\n",
      "pole_ang_vel          -1.8871     2.5151    -0.0000     0.5261\n",
      "action                -2.8613     2.9583    -0.0000     1.0576\n"
     ]
    }
   ],
   "source": [
    "COL_NAMES = [\"cart_pos\", \"cart_vel\", \"pole_angle\", \"pole_ang_vel\", \"action\"]\n",
    "\n",
    "print(f\"{'Column':<18} {'Min':>10} {'Max':>10} {'Mean':>10} {'Std':>10}\")\n",
    "print(\"-\" * 62)\n",
    "for i, name in enumerate(COL_NAMES):\n",
    "    col = hidden_state[:, i]\n",
    "    print(f\"{name:<18} {col.min():>10.4f} {col.max():>10.4f} \"\n",
    "          f\"{col.mean():>10.4f} {col.std():>10.4f}\")"
   ]
  },
  {
   "cell_type": "code",
   "execution_count": 12,
   "id": "b9b895dd",
   "metadata": {},
   "outputs": [
    {
     "name": "stdout",
     "output_type": "stream",
     "text": [
      "observation shape: (4,)\n",
      "observation: [ 0.00364704 -0.00892358 -0.0055928  -0.00631256]\n",
      "W_critsom shape: (10, 4)\n",
      "W_critsom: [[-0.42534389 -0.01808022 -0.92833576 -0.91843849]\n",
      " [-0.95506911 -0.75553919 -0.5660599  -0.36437602]\n",
      " [-0.50198787  0.93521543 -0.92532161  0.36988404]\n",
      " [ 0.25408567 -0.76947959  0.40819782  0.05901977]\n",
      " [ 0.86106127 -0.64206293  0.96053792 -0.75532598]\n",
      " [ 0.57051737 -0.43052786  0.85970757 -0.9915464 ]\n",
      " [-0.41536713 -0.90121333  0.75336126 -0.31337598]\n",
      " [ 0.2047963   0.04979996 -0.80739509 -0.48825319]\n",
      " [-0.95415728  0.24579863  0.93094967  0.19671969]\n",
      " [ 0.05725557 -0.41637958 -0.05417281 -0.79340268]]\n",
      "V shape: (10,)\n",
      "V: [ 0.0095998   0.00872495 -0.00733601  0.00513764  0.00826577  0.00737357\n",
      "  0.00429199  0.00790024 -0.01212167  0.00923579]\n"
     ]
    }
   ],
   "source": [
    "W_critsom = np.random.uniform(-1.0, 1.0, size=(10, 4))\n",
    "ob = observations[0, :4]\n",
    "V = np.dot(W_critsom, ob)\n",
    "print(\"observation shape:\", ob.shape)\n",
    "print(\"observation:\", ob)\n",
    "print(\"W_critsom shape:\", W_critsom.shape)\n",
    "print(\"W_critsom:\", W_critsom)\n",
    "print(\"V shape:\", V.shape)\n",
    "print(\"V:\", V)"
   ]
  },
  {
   "cell_type": "code",
   "execution_count": 13,
   "id": "5aae331b",
   "metadata": {},
   "outputs": [],
   "source": [
    "def update_critsom(observation, W_critsom, goal_state, lr):\n",
    "    \"\"\"\n",
    "    Update SOM prototype weights using a 1D Gaussian neighborhood.\n",
    "\n",
    "    Parameters\n",
    "    ----------\n",
    "    observation : array-like, shape (4,)\n",
    "        Current observation vector.\n",
    "    W_critsom : np.ndarray, shape (n_neurons, 4)\n",
    "        SOM prototype matrix.\n",
    "    goal_state : float\n",
    "        Goal indicator. If == 1.0, neuron 0 is forced to win.\n",
    "    lr : float\n",
    "        Learning rate.\n",
    "\n",
    "    Returns\n",
    "    -------\n",
    "    W_critsom : np.ndarray\n",
    "        Updated prototype matrix.\n",
    "    winner : int\n",
    "        Index of the winning neuron.\n",
    "    output : np.ndarray\n",
    "        Output vector after the update.\n",
    "    \"\"\"\n",
    "    observation = np.asarray(observation).reshape(-1)\n",
    "\n",
    "    if W_critsom.ndim != 2:\n",
    "        raise ValueError(\"W_critsom must be a 2D array.\")\n",
    "    if observation.shape[0] != W_critsom.shape[1]:\n",
    "        raise ValueError(\n",
    "            f\"observation must have shape ({W_critsom.shape[1]},), \"\n",
    "            f\"got {observation.shape}\"\n",
    "        )\n",
    "\n",
    "    n_neurons = W_critsom.shape[0]\n",
    "    sigma = max(1.0, (n_neurons - 1) / 3.0)\n",
    "\n",
    "    def neighborhood(center):\n",
    "        idx = np.arange(n_neurons)\n",
    "        return np.exp(-((idx - center) ** 2) / (2.0 * sigma**2))\n",
    "\n",
    "    if goal_state == 1.0:\n",
    "        winner = 0\n",
    "\n",
    "        # Update forced winner\n",
    "        W_critsom[0] += lr * (observation - W_critsom[0])\n",
    "\n",
    "        # Update intermediate neurons by proximity to neuron 0\n",
    "        h = neighborhood(winner)\n",
    "        for i in range(1, n_neurons - 1):\n",
    "            W_critsom[i] += lr * h[i] * (observation - W_critsom[i])\n",
    "\n",
    "        # Force last neuron to be opposite of first neuron\n",
    "        W_critsom[-1] = -W_critsom[0]\n",
    "\n",
    "    else:\n",
    "        # Compute output vector and identify BMU\n",
    "        output = W_critsom @ observation\n",
    "        winner = int(np.argmax(output))\n",
    "\n",
    "        # Update all neurons by neighborhood proximity to BMU\n",
    "        h = neighborhood(winner)[:, None]\n",
    "        W_critsom += lr * h * (observation - W_critsom)\n",
    "\n",
    "    output = W_critsom @ observation\n",
    "    return W_critsom, winner, output"
   ]
  },
  {
   "cell_type": "code",
   "execution_count": 20,
   "id": "edb2dc3b",
   "metadata": {},
   "outputs": [
    {
     "name": "stdout",
     "output_type": "stream",
     "text": [
      "\n",
      "Iteration 127\n",
      "goal_state: 1.0\n",
      "winner neuron: 0\n",
      "output vector: [ 0.0045  0.0071  0.0068  0.0068  0.0069  0.0054  0.0049  0.0036  0.0057\n",
      " -0.0045]\n",
      "neighbor distances: [0.0541 0.0985 0.1178 0.1679 0.1437 0.1761 0.0884 0.0869 0.1655]\n",
      "pairwise prototype distances:\n",
      "[[0.     0.0541 0.0903 0.1884 0.3532 0.4933 0.6691 0.7502 0.8135 0.7784]\n",
      " [0.0541 0.     0.0985 0.2098 0.3731 0.5158 0.6916 0.7732 0.833  0.8071]\n",
      " [0.0903 0.0985 0.     0.1178 0.2811 0.423  0.5987 0.6789 0.7396 0.7145]\n",
      " [0.1884 0.2098 0.1178 0.     0.1679 0.3091 0.4852 0.5665 0.6292 0.6041]\n",
      " [0.3532 0.3731 0.2811 0.1679 0.     0.1437 0.3191 0.402  0.4624 0.4472]\n",
      " [0.4933 0.5158 0.423  0.3091 0.1437 0.     0.1761 0.2593 0.323  0.3088]\n",
      " [0.6691 0.6916 0.5987 0.4852 0.3191 0.1761 0.     0.0884 0.1533 0.1668]\n",
      " [0.7502 0.7732 0.6789 0.5665 0.402  0.2593 0.0884 0.     0.0869 0.1176]\n",
      " [0.8135 0.833  0.7396 0.6292 0.4624 0.323  0.1533 0.0869 0.     0.1655]\n",
      " [0.7784 0.8071 0.7145 0.6041 0.4472 0.3088 0.1668 0.1176 0.1655 0.    ]]\n",
      "\n",
      "Iteration 314\n",
      "goal_state: 1.0\n",
      "winner neuron: 0\n",
      "output vector: [-0.0141 -0.0132 -0.011  -0.006   0.0032  0.0146  0.0239  0.0291  0.0315\n",
      "  0.0141]\n",
      "neighbor distances: [0.0149 0.0384 0.0883 0.1599 0.1979 0.1621 0.0902 0.0404 0.1807]\n",
      "pairwise prototype distances:\n",
      "[[0.     0.0149 0.0533 0.1416 0.3015 0.4995 0.6615 0.7517 0.7921 0.8134]\n",
      " [0.0149 0.     0.0384 0.1267 0.2867 0.4846 0.6467 0.7368 0.7772 0.7989]\n",
      " [0.0533 0.0384 0.     0.0883 0.2483 0.4462 0.6083 0.6984 0.7388 0.7615]\n",
      " [0.1416 0.1267 0.0883 0.     0.1599 0.3579 0.5199 0.6101 0.6505 0.676 ]\n",
      " [0.3015 0.2867 0.2483 0.1599 0.     0.1979 0.36   0.4502 0.4906 0.5237]\n",
      " [0.4995 0.4846 0.4462 0.3579 0.1979 0.     0.1621 0.2522 0.2926 0.3444]\n",
      " [0.6615 0.6467 0.6083 0.5199 0.36   0.1621 0.     0.0902 0.1306 0.2231]\n",
      " [0.7517 0.7368 0.6984 0.6101 0.4502 0.2522 0.0902 0.     0.0404 0.1848]\n",
      " [0.7921 0.7772 0.7388 0.6505 0.4906 0.2926 0.1306 0.0404 0.     0.1807]\n",
      " [0.8134 0.7989 0.7615 0.676  0.5237 0.3444 0.2231 0.1848 0.1807 0.    ]]\n",
      "\n",
      "Iteration 321\n",
      "goal_state: 1.0\n",
      "winner neuron: 0\n",
      "output vector: [-0.0188 -0.0178 -0.0152 -0.0089  0.003   0.0178  0.03    0.0367  0.0398\n",
      "  0.0188]\n",
      "neighbor distances: [0.0133 0.033  0.0795 0.1481 0.1849 0.1507 0.0832 0.0378 0.1846]\n",
      "pairwise prototype distances:\n",
      "[[0.     0.0133 0.0463 0.1258 0.2739 0.4589 0.6095 0.6927 0.7305 0.7425]\n",
      " [0.0133 0.     0.033  0.1125 0.2607 0.4456 0.5963 0.6794 0.7172 0.7297]\n",
      " [0.0463 0.033  0.     0.0795 0.2277 0.4126 0.5633 0.6464 0.6842 0.6977]\n",
      " [0.1258 0.1125 0.0795 0.     0.1481 0.3331 0.4837 0.5669 0.6047 0.6212]\n",
      " [0.2739 0.2607 0.2277 0.1481 0.     0.1849 0.3356 0.4188 0.4565 0.4817]\n",
      " [0.4589 0.4456 0.4126 0.3331 0.1849 0.     0.1507 0.2338 0.2716 0.3184]\n",
      " [0.6095 0.5963 0.5633 0.4837 0.3356 0.1507 0.     0.0832 0.1209 0.2139]\n",
      " [0.6927 0.6794 0.6464 0.5669 0.4188 0.2338 0.0832 0.     0.0378 0.1856]\n",
      " [0.7305 0.7172 0.6842 0.6047 0.4565 0.2716 0.1209 0.0378 0.     0.1846]\n",
      " [0.7425 0.7297 0.6977 0.6212 0.4817 0.3184 0.2139 0.1856 0.1846 0.    ]]\n",
      "\n",
      "Iteration 322\n",
      "goal_state: 1.0\n",
      "winner neuron: 0\n",
      "output vector: [-0.0165 -0.0156 -0.0134 -0.0077  0.0035  0.0177  0.0295  0.0362  0.0392\n",
      "  0.0165]\n",
      "neighbor distances: [0.0115 0.0286 0.0733 0.142  0.1813 0.1498 0.0835 0.0382 0.1879]\n",
      "pairwise prototype distances:\n",
      "[[0.     0.0115 0.0401 0.1134 0.2554 0.4367 0.5865 0.67   0.7081 0.7005]\n",
      " [0.0115 0.     0.0286 0.1019 0.2439 0.4252 0.575  0.6585 0.6967 0.6895]\n",
      " [0.0401 0.0286 0.     0.0733 0.2153 0.3967 0.5464 0.6299 0.6681 0.6619]\n",
      " [0.1134 0.1019 0.0733 0.     0.142  0.3233 0.4731 0.5566 0.5948 0.5917]\n",
      " [0.2554 0.2439 0.2153 0.142  0.     0.1813 0.3311 0.4146 0.4527 0.4589]\n",
      " [0.4367 0.4252 0.3967 0.3233 0.1813 0.     0.1498 0.2333 0.2714 0.3016]\n",
      " [0.5865 0.575  0.5464 0.4731 0.3311 0.1498 0.     0.0835 0.1217 0.2048]\n",
      " [0.67   0.6585 0.6299 0.5566 0.4146 0.2333 0.0835 0.     0.0382 0.1847]\n",
      " [0.7081 0.6967 0.6681 0.5948 0.4527 0.2714 0.1217 0.0382 0.     0.1879]\n",
      " [0.7005 0.6895 0.6619 0.5917 0.4589 0.3016 0.2048 0.1847 0.1879 0.    ]]\n",
      "\n",
      "Iteration 559\n",
      "goal_state: 1.0\n",
      "winner neuron: 0\n",
      "output vector: [ 0.0188  0.0184  0.0174  0.0149  0.0105  0.0053  0.0015 -0.0005 -0.0014\n",
      " -0.0188]\n",
      "neighbor distances: [0.0178 0.0456 0.1101 0.1961 0.2282 0.1696 0.0888 0.038  0.1921]\n",
      "pairwise prototype distances:\n",
      "[[0.     0.0178 0.0635 0.1736 0.3697 0.5979 0.7675 0.8563 0.8943 0.9783]\n",
      " [0.0178 0.     0.0456 0.1557 0.3518 0.58   0.7496 0.8384 0.8765 0.9608]\n",
      " [0.0635 0.0456 0.     0.1101 0.3062 0.5344 0.704  0.7928 0.8308 0.916 ]\n",
      " [0.1736 0.1557 0.1101 0.     0.1961 0.4243 0.5939 0.6827 0.7208 0.8084]\n",
      " [0.3697 0.3518 0.3062 0.1961 0.     0.2282 0.3978 0.4866 0.5246 0.6187]\n",
      " [0.5979 0.58   0.5344 0.4243 0.2282 0.     0.1696 0.2584 0.2965 0.4058]\n",
      " [0.7675 0.7496 0.704  0.5939 0.3978 0.1696 0.     0.0888 0.1269 0.2647]\n",
      " [0.8563 0.8384 0.7928 0.6827 0.4866 0.2584 0.0888 0.     0.038  0.2085]\n",
      " [0.8943 0.8765 0.8308 0.7208 0.5246 0.2965 0.1269 0.038  0.     0.1921]\n",
      " [0.9783 0.9608 0.916  0.8084 0.6187 0.4058 0.2647 0.2085 0.1921 0.    ]]\n",
      "\n",
      "Iteration 846\n",
      "goal_state: 1.0\n",
      "winner neuron: 0\n",
      "output vector: [ 0.0335  0.0324  0.0295  0.0232  0.0124  0.     -0.0088 -0.0131 -0.0148\n",
      " -0.0335]\n",
      "neighbor distances: [0.0208 0.0519 0.1143 0.1958 0.2235 0.1593 0.077  0.0298 0.1985]\n",
      "pairwise prototype distances:\n",
      "[[0.     0.0208 0.0727 0.187  0.3828 0.6062 0.7656 0.8426 0.8723 0.9982]\n",
      " [0.0208 0.     0.0519 0.1662 0.3619 0.5854 0.7447 0.8217 0.8515 0.9777]\n",
      " [0.0727 0.0519 0.     0.1143 0.31   0.5335 0.6929 0.7698 0.7996 0.9266]\n",
      " [0.187  0.1662 0.1143 0.     0.1958 0.4192 0.5786 0.6555 0.6853 0.8144]\n",
      " [0.3828 0.3619 0.31   0.1958 0.     0.2235 0.3828 0.4598 0.4896 0.624 ]\n",
      " [0.6062 0.5854 0.5335 0.4192 0.2235 0.     0.1593 0.2363 0.2661 0.4126]\n",
      " [0.7656 0.7447 0.6929 0.5786 0.3828 0.1593 0.     0.077  0.1067 0.2737]\n",
      " [0.8426 0.8217 0.7698 0.6555 0.4598 0.2363 0.077  0.     0.0298 0.2168]\n",
      " [0.8723 0.8515 0.7996 0.6853 0.4896 0.2661 0.1067 0.0298 0.     0.1985]\n",
      " [0.9982 0.9777 0.9266 0.8144 0.624  0.4126 0.2737 0.2168 0.1985 0.    ]]\n",
      "\n",
      "Iteration 892\n",
      "goal_state: 1.0\n",
      "winner neuron: 0\n",
      "output vector: [ 0.025   0.0245  0.0229  0.0192  0.0121  0.0034 -0.0034 -0.0071 -0.0088\n",
      " -0.025 ]\n",
      "neighbor distances: [0.0146 0.0373 0.0935 0.1774 0.2198 0.1716 0.0948 0.044  0.1715]\n",
      "pairwise prototype distances:\n",
      "[[0.     0.0146 0.0519 0.1454 0.3227 0.5425 0.7141 0.8089 0.8529 0.8891]\n",
      " [0.0146 0.     0.0373 0.1308 0.3082 0.5279 0.6995 0.7943 0.8383 0.8748]\n",
      " [0.0519 0.0373 0.     0.0935 0.2709 0.4906 0.6622 0.757  0.801  0.8381]\n",
      " [0.1454 0.1308 0.0935 0.     0.1774 0.3971 0.5687 0.6635 0.7075 0.7467]\n",
      " [0.3227 0.3082 0.2709 0.1774 0.     0.2198 0.3913 0.4861 0.5301 0.5754]\n",
      " [0.5425 0.5279 0.4906 0.3971 0.2198 0.     0.1716 0.2663 0.3104 0.3711]\n",
      " [0.7141 0.6995 0.6622 0.5687 0.3913 0.1716 0.     0.0948 0.1388 0.2323]\n",
      " [0.8089 0.7943 0.757  0.6635 0.4861 0.2663 0.0948 0.     0.044  0.1817]\n",
      " [0.8529 0.8383 0.801  0.7075 0.5301 0.3104 0.1388 0.044  0.     0.1715]\n",
      " [0.8891 0.8748 0.8381 0.7467 0.5754 0.3711 0.2323 0.1817 0.1715 0.    ]]\n",
      "\n",
      "Iteration 1117\n",
      "goal_state: 1.0\n",
      "winner neuron: 0\n",
      "output vector: [ 0.0215  0.0209  0.0193  0.0157  0.0094  0.002  -0.0037 -0.0069 -0.0083\n",
      " -0.0215]\n",
      "neighbor distances: [0.0214 0.0544 0.1237 0.2183 0.259  0.2    0.1123 0.0525 0.1729]\n",
      "pairwise prototype distances:\n",
      "[[0.     0.0214 0.0759 0.1995 0.4178 0.6768 0.8768 0.989  1.0415 1.0977]\n",
      " [0.0214 0.     0.0544 0.1781 0.3964 0.6554 0.8554 0.9676 1.0201 1.0765]\n",
      " [0.0759 0.0544 0.     0.1237 0.342  0.601  0.801  0.9132 0.9656 1.0227]\n",
      " [0.1995 0.1781 0.1237 0.     0.2183 0.4773 0.6773 0.7895 0.842  0.9008]\n",
      " [0.4178 0.3964 0.342  0.2183 0.     0.259  0.459  0.5712 0.6237 0.6874]\n",
      " [0.6768 0.6554 0.601  0.4773 0.259  0.     0.2    0.3123 0.3647 0.4406]\n",
      " [0.8768 0.8554 0.801  0.6773 0.459  0.2    0.     0.1123 0.1647 0.2665]\n",
      " [0.989  0.9676 0.9132 0.7895 0.5712 0.3123 0.1123 0.     0.0525 0.1926]\n",
      " [1.0415 1.0201 0.9656 0.842  0.6237 0.3647 0.1647 0.0525 0.     0.1729]\n",
      " [1.0977 1.0765 1.0227 0.9008 0.6874 0.4406 0.2665 0.1926 0.1729 0.    ]]\n",
      "\n",
      "Iteration 1518\n",
      "goal_state: 1.0\n",
      "winner neuron: 0\n",
      "output vector: [-0.0069 -0.0064 -0.0052 -0.0023  0.0029  0.0096  0.0149  0.0179  0.0193\n",
      "  0.0069]\n",
      "neighbor distances: [0.0153 0.0391 0.0922 0.1732 0.2197 0.1762 0.0988 0.0449 0.1666]\n",
      "pairwise prototype distances:\n",
      "[[0.     0.0153 0.0544 0.1466 0.3199 0.5396 0.7158 0.8146 0.8594 0.8598]\n",
      " [0.0153 0.     0.0391 0.1313 0.3045 0.5242 0.7005 0.7992 0.8441 0.8447]\n",
      " [0.0544 0.0391 0.     0.0922 0.2654 0.4851 0.6614 0.7601 0.805  0.8065]\n",
      " [0.1466 0.1313 0.0922 0.     0.1732 0.3929 0.5692 0.6679 0.7128 0.7166]\n",
      " [0.3199 0.3045 0.2654 0.1732 0.     0.2197 0.3959 0.4947 0.5396 0.5497]\n",
      " [0.5396 0.5242 0.4851 0.3929 0.2197 0.     0.1762 0.275  0.3199 0.3468]\n",
      " [0.7158 0.7005 0.6614 0.5692 0.3959 0.1762 0.     0.0988 0.1436 0.2099]\n",
      " [0.8146 0.7992 0.7601 0.6679 0.4947 0.275  0.0988 0.     0.0449 0.1687]\n",
      " [0.8594 0.8441 0.805  0.7128 0.5396 0.3199 0.1436 0.0449 0.     0.1666]\n",
      " [0.8598 0.8447 0.8065 0.7166 0.5497 0.3468 0.2099 0.1687 0.1666 0.    ]]\n",
      "\n",
      "Iteration 1552\n",
      "goal_state: 1.0\n",
      "winner neuron: 0\n",
      "output vector: [ 0.0141  0.0138  0.0133  0.0121  0.0103  0.0081  0.0065  0.0056  0.0051\n",
      " -0.0141]\n",
      "neighbor distances: [0.0234 0.0523 0.1072 0.1802 0.2143 0.1679 0.0942 0.0435 0.1857]\n",
      "pairwise prototype distances:\n",
      "[[0.     0.0234 0.0758 0.183  0.3632 0.5774 0.7453 0.8395 0.883  0.8729]\n",
      " [0.0234 0.     0.0523 0.1596 0.3397 0.554  0.7219 0.8161 0.8596 0.85  ]\n",
      " [0.0758 0.0523 0.     0.1072 0.2874 0.5017 0.6696 0.7637 0.8073 0.7988]\n",
      " [0.183  0.1596 0.1072 0.     0.1802 0.3944 0.5623 0.6565 0.7    0.6948]\n",
      " [0.3632 0.3397 0.2874 0.1802 0.     0.2143 0.3822 0.4763 0.5199 0.523 ]\n",
      " [0.5774 0.554  0.5017 0.3944 0.2143 0.     0.1679 0.2621 0.3056 0.3309]\n",
      " [0.7453 0.7219 0.6696 0.5623 0.3822 0.1679 0.     0.0942 0.1377 0.2125]\n",
      " [0.8395 0.8161 0.7637 0.6565 0.4763 0.2621 0.0942 0.     0.0435 0.1839]\n",
      " [0.883  0.8596 0.8073 0.7    0.5199 0.3056 0.1377 0.0435 0.     0.1857]\n",
      " [0.8729 0.85   0.7988 0.6948 0.523  0.3309 0.2125 0.1839 0.1857 0.    ]]\n",
      "\n",
      "Iteration 1613\n",
      "goal_state: 1.0\n",
      "winner neuron: 0\n",
      "output vector: [ 0.0033  0.0037  0.0046  0.0062  0.0088  0.0115  0.0134  0.0145  0.0149\n",
      " -0.0033]\n",
      "neighbor distances: [0.0273 0.0587 0.1119 0.1686 0.1783 0.1268 0.0669 0.0311 0.183 ]\n",
      "pairwise prototype distances:\n",
      "[[0.     0.0273 0.086  0.1978 0.3664 0.5447 0.6716 0.7385 0.7696 0.8027]\n",
      " [0.0273 0.     0.0587 0.1705 0.3391 0.5174 0.6443 0.7111 0.7422 0.7761]\n",
      " [0.086  0.0587 0.     0.1119 0.2805 0.4588 0.5856 0.6525 0.6836 0.7191]\n",
      " [0.1978 0.1705 0.1119 0.     0.1686 0.3469 0.4737 0.5406 0.5717 0.6115]\n",
      " [0.3664 0.3391 0.2805 0.1686 0.     0.1783 0.3052 0.372  0.4031 0.4533]\n",
      " [0.5447 0.5174 0.4588 0.3469 0.1783 0.     0.1268 0.1937 0.2248 0.2988]\n",
      " [0.6716 0.6443 0.5856 0.4737 0.3052 0.1268 0.     0.0669 0.098  0.213 ]\n",
      " [0.7385 0.7111 0.6525 0.5406 0.372  0.1937 0.0669 0.     0.0311 0.1876]\n",
      " [0.7696 0.7422 0.6836 0.5717 0.4031 0.2248 0.098  0.0311 0.     0.183 ]\n",
      " [0.8027 0.7761 0.7191 0.6115 0.4533 0.2988 0.213  0.1876 0.183  0.    ]]\n",
      "\n",
      "Iteration 1674\n",
      "goal_state: 1.0\n",
      "winner neuron: 0\n",
      "output vector: [-0.0001  0.0004  0.0015  0.004   0.0082  0.0129  0.0165  0.0186  0.0197\n",
      "  0.0001]\n",
      "neighbor distances: [0.0166 0.0375 0.0828 0.1387 0.1562 0.1177 0.0673 0.0352 0.1944]\n",
      "pairwise prototype distances:\n",
      "[[0.     0.0166 0.0541 0.1369 0.2756 0.4318 0.5495 0.6168 0.652  0.6364]\n",
      " [0.0166 0.     0.0375 0.1204 0.259  0.4152 0.5329 0.6003 0.6355 0.6206]\n",
      " [0.0541 0.0375 0.     0.0828 0.2215 0.3777 0.4954 0.5627 0.5979 0.5849]\n",
      " [0.1369 0.1204 0.0828 0.     0.1387 0.2949 0.4125 0.4799 0.5151 0.5071]\n",
      " [0.2756 0.259  0.2215 0.1387 0.     0.1562 0.2739 0.3412 0.3764 0.3818]\n",
      " [0.4318 0.4152 0.3777 0.2949 0.1562 0.     0.1177 0.185  0.2202 0.2579]\n",
      " [0.5495 0.5329 0.4954 0.4125 0.2739 0.1177 0.     0.0673 0.1026 0.1977]\n",
      " [0.6168 0.6003 0.5627 0.4799 0.3412 0.185  0.0673 0.     0.0352 0.1894]\n",
      " [0.652  0.6355 0.5979 0.5151 0.3764 0.2202 0.1026 0.0352 0.     0.1944]\n",
      " [0.6364 0.6206 0.5849 0.5071 0.3818 0.2579 0.1977 0.1894 0.1944 0.    ]]\n",
      "\n",
      "Iteration 1712\n",
      "goal_state: 1.0\n",
      "winner neuron: 0\n",
      "output vector: [ 0.0195  0.0184  0.0158  0.0113  0.0049 -0.0017 -0.0065 -0.0092 -0.0105\n",
      " -0.0195]\n",
      "neighbor distances: [0.0343 0.0744 0.131  0.1842 0.1889 0.1386 0.0788 0.0361 0.1831]\n",
      "pairwise prototype distances:\n",
      "[[0.     0.0343 0.1086 0.2397 0.4239 0.6128 0.7514 0.8302 0.8663 0.8435]\n",
      " [0.0343 0.     0.0744 0.2054 0.3896 0.5785 0.7171 0.7959 0.8321 0.8101]\n",
      " [0.1086 0.0744 0.     0.131  0.3152 0.5042 0.6428 0.7216 0.7577 0.7378]\n",
      " [0.2397 0.2054 0.131  0.     0.1842 0.3731 0.5117 0.5905 0.6267 0.6115]\n",
      " [0.4239 0.3896 0.3152 0.1842 0.     0.1889 0.3275 0.4063 0.4425 0.4388]\n",
      " [0.6128 0.5785 0.5042 0.3731 0.1889 0.     0.1386 0.2174 0.2535 0.2772]\n",
      " [0.7514 0.7171 0.6428 0.5117 0.3275 0.1386 0.     0.0788 0.1149 0.193 ]\n",
      " [0.8302 0.7959 0.7216 0.5905 0.4063 0.2174 0.0788 0.     0.0361 0.1784]\n",
      " [0.8663 0.8321 0.7577 0.6267 0.4425 0.2535 0.1149 0.0361 0.     0.1831]\n",
      " [0.8435 0.8101 0.7378 0.6115 0.4388 0.2772 0.193  0.1784 0.1831 0.    ]]\n",
      "\n",
      "Iteration 1763\n",
      "goal_state: 1.0\n",
      "winner neuron: 0\n",
      "output vector: [ 0.0168  0.0159  0.0139  0.0105  0.0058  0.0011 -0.0021 -0.0039 -0.0047\n",
      " -0.0168]\n",
      "neighbor distances: [0.0394 0.0851 0.1485 0.2019 0.1974 0.1373 0.0737 0.0334 0.1644]\n",
      "pairwise prototype distances:\n",
      "[[0.     0.0394 0.1245 0.2731 0.475  0.6724 0.8097 0.8833 0.9167 0.9597]\n",
      " [0.0394 0.     0.0851 0.2336 0.4355 0.633  0.7702 0.8439 0.8773 0.9209]\n",
      " [0.1245 0.0851 0.     0.1485 0.3505 0.5479 0.6851 0.7588 0.7922 0.8374]\n",
      " [0.2731 0.2336 0.1485 0.     0.2019 0.3993 0.5366 0.6103 0.6437 0.6924]\n",
      " [0.475  0.4355 0.3505 0.2019 0.     0.1974 0.3347 0.4084 0.4417 0.4985]\n",
      " [0.6724 0.633  0.5479 0.3993 0.1974 0.     0.1373 0.2109 0.2443 0.3185]\n",
      " [0.8097 0.7702 0.6851 0.5366 0.3347 0.1373 0.     0.0737 0.107  0.2121]\n",
      " [0.8833 0.8439 0.7588 0.6103 0.4084 0.2109 0.0737 0.     0.0334 0.1736]\n",
      " [0.9167 0.8773 0.7922 0.6437 0.4417 0.2443 0.107  0.0334 0.     0.1644]\n",
      " [0.9597 0.9209 0.8374 0.6924 0.4985 0.3185 0.2121 0.1736 0.1644 0.    ]]\n",
      "\n",
      "Iteration 1884\n",
      "goal_state: 1.0\n",
      "winner neuron: 0\n",
      "output vector: [-0.0046 -0.0041 -0.003  -0.0005  0.0036  0.0085  0.0124  0.0147  0.0158\n",
      "  0.0046]\n",
      "neighbor distances: [0.0216 0.056  0.1205 0.205  0.2444 0.197  0.1163 0.0563 0.1552]\n",
      "pairwise prototype distances:\n",
      "[[0.     0.0216 0.0777 0.1982 0.4032 0.6476 0.8446 0.9609 1.0172 1.0335]\n",
      " [0.0216 0.     0.056  0.1766 0.3816 0.626  0.8229 0.9393 0.9956 1.0121]\n",
      " [0.0777 0.056  0.     0.1205 0.3255 0.5699 0.7669 0.8832 0.9395 0.9569]\n",
      " [0.1982 0.1766 0.1205 0.     0.205  0.4494 0.6464 0.7627 0.819  0.8383]\n",
      " [0.4032 0.3816 0.3255 0.205  0.     0.2444 0.4414 0.5577 0.614  0.6382]\n",
      " [0.6476 0.626  0.5699 0.4494 0.2444 0.     0.197  0.3133 0.3696 0.4057]\n",
      " [0.8446 0.8229 0.7669 0.6464 0.4414 0.197  0.     0.1163 0.1726 0.2362]\n",
      " [0.9609 0.9393 0.8832 0.7627 0.5577 0.3133 0.1163 0.     0.0563 0.167 ]\n",
      " [1.0172 0.9956 0.9395 0.819  0.614  0.3696 0.1726 0.0563 0.     0.1552]\n",
      " [1.0335 1.0121 0.9569 0.8383 0.6382 0.4057 0.2362 0.167  0.1552 0.    ]]\n",
      "\n",
      "Iteration 1900\n",
      "goal_state: 1.0\n",
      "winner neuron: 0\n",
      "output vector: [-0.023  -0.0216 -0.0181 -0.0107  0.0021  0.0173  0.0295  0.0366  0.04\n",
      "  0.023 ]\n",
      "neighbor distances: [0.0217 0.052  0.1132 0.1945 0.232  0.1856 0.1084 0.0523 0.1614]\n",
      "pairwise prototype distances:\n",
      "[[0.     0.0217 0.0737 0.187  0.3814 0.6134 0.799  0.9074 0.9597 0.9403]\n",
      " [0.0217 0.     0.052  0.1652 0.3597 0.5916 0.7773 0.8857 0.9379 0.9189]\n",
      " [0.0737 0.052  0.     0.1132 0.3077 0.5397 0.7253 0.8337 0.886  0.8677]\n",
      " [0.187  0.1652 0.1132 0.     0.1945 0.4264 0.6121 0.7205 0.7727 0.7567]\n",
      " [0.3814 0.3597 0.3077 0.1945 0.     0.232  0.4176 0.526  0.5783 0.5681]\n",
      " [0.6134 0.5916 0.5397 0.4264 0.232  0.     0.1856 0.294  0.3463 0.3514]\n",
      " [0.799  0.7773 0.7253 0.6121 0.4176 0.1856 0.     0.1084 0.1607 0.2037]\n",
      " [0.9074 0.8857 0.8337 0.7205 0.526  0.294  0.1084 0.     0.0523 0.1595]\n",
      " [0.9597 0.9379 0.886  0.7727 0.5783 0.3463 0.1607 0.0523 0.     0.1614]\n",
      " [0.9403 0.9189 0.8677 0.7567 0.5681 0.3514 0.2037 0.1595 0.1614 0.    ]]\n",
      "\n",
      "Iteration 1930\n",
      "goal_state: 1.0\n",
      "winner neuron: 0\n",
      "output vector: [ 0.048   0.0454  0.0398  0.0282  0.0094 -0.0119 -0.0278 -0.0366 -0.0407\n",
      " -0.048 ]\n",
      "neighbor distances: [0.0248 0.0531 0.1097 0.1795 0.2029 0.1529 0.084  0.0393 0.1912]\n",
      "pairwise prototype distances:\n",
      "[[0.     0.0248 0.0779 0.1876 0.3671 0.57   0.7229 0.8069 0.8461 0.8048]\n",
      " [0.0248 0.     0.0531 0.1628 0.3423 0.5452 0.6981 0.7821 0.8213 0.7806]\n",
      " [0.0779 0.0531 0.     0.1097 0.2892 0.4921 0.645  0.729  0.7683 0.729 ]\n",
      " [0.1876 0.1628 0.1097 0.     0.1795 0.3824 0.5353 0.6193 0.6586 0.6231]\n",
      " [0.3671 0.3423 0.2892 0.1795 0.     0.2029 0.3558 0.4398 0.4791 0.4541]\n",
      " [0.57   0.5452 0.4921 0.3824 0.2029 0.     0.1529 0.2369 0.2761 0.2797]\n",
      " [0.7229 0.6981 0.645  0.5353 0.3558 0.1529 0.     0.084  0.1232 0.1905]\n",
      " [0.8069 0.7821 0.729  0.6193 0.4398 0.2369 0.084  0.     0.0393 0.1823]\n",
      " [0.8461 0.8213 0.7683 0.6586 0.4791 0.2761 0.1232 0.0393 0.     0.1912]\n",
      " [0.8048 0.7806 0.729  0.6231 0.4541 0.2797 0.1905 0.1823 0.1912 0.    ]]\n",
      "\n",
      "Iteration 2001\n",
      "goal_state: 1.0\n",
      "winner neuron: 0\n",
      "output vector: [-0.0023 -0.0022 -0.002  -0.0015 -0.0007  0.0002  0.0009  0.0013  0.0015\n",
      "  0.0023]\n",
      "neighbor distances: [0.021  0.046  0.0982 0.1614 0.1816 0.1374 0.0773 0.0373 0.1847]\n",
      "pairwise prototype distances:\n",
      "[[0.     0.021  0.067  0.1652 0.3266 0.5082 0.6456 0.7229 0.7602 0.7199]\n",
      " [0.021  0.     0.046  0.1442 0.3056 0.4872 0.6246 0.7019 0.7392 0.6995]\n",
      " [0.067  0.046  0.     0.0982 0.2596 0.4411 0.5785 0.6558 0.6931 0.655 ]\n",
      " [0.1652 0.1442 0.0982 0.     0.1614 0.343  0.4804 0.5577 0.595  0.561 ]\n",
      " [0.3266 0.3056 0.2596 0.1614 0.     0.1816 0.319  0.3962 0.4335 0.4105]\n",
      " [0.5082 0.4872 0.4411 0.343  0.1816 0.     0.1374 0.2147 0.252  0.2577]\n",
      " [0.6456 0.6246 0.5785 0.4804 0.319  0.1374 0.     0.0773 0.1146 0.1817]\n",
      " [0.7229 0.7019 0.6558 0.5577 0.3962 0.2147 0.0773 0.     0.0373 0.1758]\n",
      " [0.7602 0.7392 0.6931 0.595  0.4335 0.252  0.1146 0.0373 0.     0.1847]\n",
      " [0.7199 0.6995 0.655  0.561  0.4105 0.2577 0.1817 0.1758 0.1847 0.    ]]\n",
      "\n",
      "Iteration 2096\n",
      "goal_state: 1.0\n",
      "winner neuron: 0\n",
      "output vector: [-0.0237 -0.0217 -0.0175 -0.0086  0.0053  0.02    0.0303  0.0357  0.0382\n",
      "  0.0237]\n",
      "neighbor distances: [0.0233 0.0514 0.1064 0.1665 0.1759 0.1237 0.0642 0.0302 0.1588]\n",
      "pairwise prototype distances:\n",
      "[[0.     0.0233 0.0747 0.1811 0.3476 0.5236 0.6473 0.7114 0.7416 0.7582]\n",
      " [0.0233 0.     0.0514 0.1578 0.3243 0.5003 0.624  0.6881 0.7183 0.7354]\n",
      " [0.0747 0.0514 0.     0.1064 0.2729 0.4489 0.5725 0.6367 0.6669 0.6853]\n",
      " [0.1811 0.1578 0.1064 0.     0.1665 0.3425 0.4662 0.5303 0.5605 0.5822]\n",
      " [0.3476 0.3243 0.2729 0.1665 0.     0.1759 0.2996 0.3638 0.394  0.4244]\n",
      " [0.5236 0.5003 0.4489 0.3425 0.1759 0.     0.1237 0.1878 0.218  0.2694]\n",
      " [0.6473 0.624  0.5725 0.4662 0.2996 0.1237 0.     0.0642 0.0944 0.1844]\n",
      " [0.7114 0.6881 0.6367 0.5303 0.3638 0.1878 0.0642 0.     0.0302 0.1615]\n",
      " [0.7416 0.7183 0.6669 0.5605 0.394  0.218  0.0944 0.0302 0.     0.1588]\n",
      " [0.7582 0.7354 0.6853 0.5822 0.4244 0.2694 0.1844 0.1615 0.1588 0.    ]]\n",
      "\n",
      "Iteration 2167\n",
      "goal_state: 1.0\n",
      "winner neuron: 0\n",
      "output vector: [-0.0021 -0.0015 -0.0001  0.0029  0.0081  0.0139  0.0181  0.0204  0.0216\n",
      "  0.0021]\n",
      "neighbor distances: [0.0167 0.0379 0.0838 0.1396 0.1542 0.1121 0.0609 0.0313 0.1814]\n",
      "pairwise prototype distances:\n",
      "[[0.     0.0167 0.0546 0.1384 0.278  0.4322 0.5443 0.6052 0.6365 0.6526]\n",
      " [0.0167 0.     0.0379 0.1217 0.2613 0.4154 0.5276 0.5885 0.6198 0.6366]\n",
      " [0.0546 0.0379 0.     0.0838 0.2234 0.3776 0.4897 0.5506 0.5819 0.6002]\n",
      " [0.1384 0.1217 0.0838 0.     0.1396 0.2937 0.4059 0.4668 0.4981 0.5207]\n",
      " [0.278  0.2613 0.2234 0.1396 0.     0.1542 0.2663 0.3272 0.3585 0.3926]\n",
      " [0.4322 0.4154 0.3776 0.2937 0.1542 0.     0.1121 0.1731 0.2043 0.2652]\n",
      " [0.5443 0.5276 0.4897 0.4059 0.2663 0.1121 0.     0.0609 0.0922 0.1985]\n",
      " [0.6052 0.5885 0.5506 0.4668 0.3272 0.1731 0.0609 0.     0.0313 0.1822]\n",
      " [0.6365 0.6198 0.5819 0.4981 0.3585 0.2043 0.0922 0.0313 0.     0.1814]\n",
      " [0.6526 0.6366 0.6002 0.5207 0.3926 0.2652 0.1985 0.1822 0.1814 0.    ]]\n",
      "\n",
      "Iteration 2214\n",
      "goal_state: 1.0\n",
      "winner neuron: 0\n",
      "output vector: [-0.0149 -0.0133 -0.0098 -0.0033  0.0061  0.0157  0.0227  0.0266  0.0284\n",
      "  0.0149]\n",
      "neighbor distances: [0.0314 0.0697 0.1282 0.1851 0.1912 0.1392 0.0778 0.0364 0.167 ]\n",
      "pairwise prototype distances:\n",
      "[[0.     0.0314 0.1011 0.2293 0.4144 0.6056 0.7448 0.8226 0.859  0.8834]\n",
      " [0.0314 0.     0.0697 0.1978 0.383  0.5741 0.7133 0.7911 0.8275 0.8525]\n",
      " [0.1011 0.0697 0.     0.1282 0.3133 0.5045 0.6436 0.7215 0.7579 0.7844]\n",
      " [0.2293 0.1978 0.1282 0.     0.1851 0.3763 0.5155 0.5933 0.6297 0.6598]\n",
      " [0.4144 0.383  0.3133 0.1851 0.     0.1912 0.3303 0.4082 0.4446 0.4831]\n",
      " [0.6056 0.5741 0.5045 0.3763 0.1912 0.     0.1392 0.217  0.2534 0.3109]\n",
      " [0.7448 0.7133 0.6436 0.5155 0.3303 0.1392 0.     0.0778 0.1142 0.2074]\n",
      " [0.8226 0.7911 0.7215 0.5933 0.4082 0.217  0.0778 0.     0.0364 0.1728]\n",
      " [0.859  0.8275 0.7579 0.6297 0.4446 0.2534 0.1142 0.0364 0.     0.167 ]\n",
      " [0.8834 0.8525 0.7844 0.6598 0.4831 0.3109 0.2074 0.1728 0.167  0.    ]]\n",
      "\n",
      "Iteration 2286\n",
      "goal_state: 1.0\n",
      "winner neuron: 0\n",
      "output vector: [ 0.0108  0.0106  0.0103  0.0094  0.008   0.0063  0.0049  0.0041  0.0037\n",
      " -0.0108]\n",
      "neighbor distances: [0.0157 0.0387 0.0918 0.1617 0.191  0.1528 0.0925 0.048  0.1791]\n",
      "pairwise prototype distances:\n",
      "[[0.     0.0157 0.0544 0.1462 0.3079 0.4988 0.6517 0.7442 0.7922 0.7523]\n",
      " [0.0157 0.     0.0387 0.1305 0.2922 0.4832 0.636  0.7285 0.7766 0.737 ]\n",
      " [0.0544 0.0387 0.     0.0918 0.2535 0.4444 0.5972 0.6898 0.7378 0.6993]\n",
      " [0.1462 0.1305 0.0918 0.     0.1617 0.3526 0.5055 0.598  0.646  0.6106]\n",
      " [0.3079 0.2922 0.2535 0.1617 0.     0.191  0.3438 0.4363 0.4844 0.4573]\n",
      " [0.4988 0.4832 0.4444 0.3526 0.191  0.     0.1528 0.2454 0.2934 0.2884]\n",
      " [0.6517 0.636  0.5972 0.5055 0.3438 0.1528 0.     0.0925 0.1406 0.187 ]\n",
      " [0.7442 0.7285 0.6898 0.598  0.4363 0.2454 0.0925 0.     0.048  0.169 ]\n",
      " [0.7922 0.7766 0.7378 0.646  0.4844 0.2934 0.1406 0.048  0.     0.1791]\n",
      " [0.7523 0.737  0.6993 0.6106 0.4573 0.2884 0.187  0.169  0.1791 0.    ]]\n",
      "\n",
      "Iteration 2421\n",
      "goal_state: 1.0\n",
      "winner neuron: 0\n",
      "output vector: [ 0.0551  0.053   0.0477  0.036   0.0165 -0.0064 -0.025  -0.0365 -0.0424\n",
      " -0.0551]\n",
      "neighbor distances: [0.0234 0.0602 0.131  0.2201 0.2583 0.2101 0.1296 0.0665 0.1738]\n",
      "pairwise prototype distances:\n",
      "[[0.     0.0234 0.0836 0.2146 0.4347 0.693  0.9031 1.0327 1.0992 1.0863]\n",
      " [0.0234 0.     0.0602 0.1912 0.4113 0.6696 0.8797 1.0093 1.0758 1.0631]\n",
      " [0.0836 0.0602 0.     0.131  0.3511 0.6094 0.8195 0.9491 1.0156 1.0037]\n",
      " [0.2146 0.1912 0.131  0.     0.2201 0.4784 0.6885 0.8181 0.8846 0.8747]\n",
      " [0.4347 0.4113 0.3511 0.2201 0.     0.2583 0.4684 0.598  0.6645 0.6602]\n",
      " [0.693  0.6696 0.6094 0.4784 0.2583 0.     0.2101 0.3397 0.4062 0.416 ]\n",
      " [0.9031 0.8797 0.8195 0.6885 0.4684 0.2101 0.     0.1296 0.1961 0.2405]\n",
      " [1.0327 1.0093 0.9491 0.8181 0.598  0.3397 0.1296 0.     0.0665 0.1758]\n",
      " [1.0992 1.0758 1.0156 0.8846 0.6645 0.4062 0.1961 0.0665 0.     0.1738]\n",
      " [1.0863 1.0631 1.0037 0.8747 0.6602 0.416  0.2405 0.1758 0.1738 0.    ]]\n",
      "\n",
      "Iteration 2544\n",
      "goal_state: 1.0\n",
      "winner neuron: 0\n",
      "output vector: [ 0.0026  0.0028  0.0033  0.0045  0.0068  0.0096  0.0118  0.0131  0.0138\n",
      " -0.0026]\n",
      "neighbor distances: [0.0128 0.031  0.0768 0.1431 0.175  0.1393 0.0819 0.0431 0.2021]\n",
      "pairwise prototype distances:\n",
      "[[0.     0.0128 0.0438 0.1207 0.2638 0.4388 0.578  0.6599 0.703  0.6792]\n",
      " [0.0128 0.     0.031  0.1079 0.2509 0.4259 0.5652 0.6471 0.6902 0.6669]\n",
      " [0.0438 0.031  0.     0.0768 0.2199 0.3949 0.5342 0.6161 0.6592 0.6374]\n",
      " [0.1207 0.1079 0.0768 0.     0.1431 0.3181 0.4574 0.5393 0.5824 0.5647]\n",
      " [0.2638 0.2509 0.2199 0.1431 0.     0.175  0.3143 0.3962 0.4393 0.4331]\n",
